Webots Project File version R2022b
perspectives: 000000ff00000000fd0000000200000001000003ca000002b2fc0200000001fb0000001400540065007800740045006400690074006f00720100000016000002b20000009d00ffffff00000003000007800000010ffc0100000002fb0000001a0043006f006e0073006f006c00650041006c006c0041006c006c0100000000000007800000005400fffffffb0000001a0043006f006e0073006f006c00650041006c006c0041006c006c0100000000000007800000000000000000000003b0000002b200000001000000020000000100000008fc00000000
simulationViewPerspectives: 000000ff0000000100000002000001180000021b0100000006010000000100
sceneTreePerspectives: 000000ff000000010000000300000018000000dd000000fc0100000006010000000200
minimizedPerspectives: 000000ff00000000fd0000000200000001000003ca000001ebfc0200000001fb0000001400540065007800740045006400690074006f00720000000016000001eb0000009d00ffffff00000003000007800000018afc0100000002fb0000001a0043006f006e0073006f006c00650041006c006c0041006c006c0100000000000007800000000000000000fb0000001a0043006f006e0073006f006c00650041006c006c0041006c006c010000000000000780000000000000000000000780000003c700000001000000020000000100000008fc00000000
maximizedDockId: 0
centralWidgetVisible: 1
orthographicViewHeight: 1
textFiles: 0 "controllers/sprinter/sprinter.py"
consoles: Console:All:All
renderingDevicePerspectives: NAO:CameraBottom;1;0.266667;0;0
renderingDevicePerspectives: NAO:CameraTop;1;0.266667;0;0
